25483
25193
13127
28295
13888
5207
15228
26805
17287
6172
23851

20353
21631
9525
17431
15150
1593
15040
1145
30758
6756
5081
15711
14324
23574
7446
22692
18711
23655
9019
6675
16370
1444
19803
11897
15332
25010
27126
9370
9530
530
453
29883
22161
9978
14547

4543
11571
29587
5688
9561
3575
10769
25272
17900
1575
32719
7824
20286
23606
16843
26962
7208
18287
13997
19105
851
6239
13463
10221
15769
13993
10674
12885
3386
20652
27432
7929
32224
24251
13617
9017
27826
24386
1522
12958
25961
1473
20782
13480
25079
4857
7674
32287
23144
21671
18624
23996
27910
32088
1449
10912
13313
12124
23797
16700
8
18461
24629
32232
9944
5479
8482
5002
29865
10004
17961
23059
11477
5975
3771
3788

10833
11445
3307
1209
348
21931
25205
28258
21251
26655
6402
1797
6011
30199
18497
6019
15892
10358
5484
25836
15837
13966
30839
12935
23970
16032
3226
2679
22007
6997
6467
72

18442
9774
1282
18790
31705
26487
14280
20189
20374
20683
21986
26385
18114
7715
32405
1239
18073
5121
27075
1143
19087
25146
14078
10289
8410
17304
12968
30418
24301
19435
30490
9975
29209
31772
28765

28146
25492
10277
15567
13098
30960
4785
6716
16307
12500
6353
17546
30574
11474
11853
31717
30561
4232
13027
8082
12642
30331
21050
10292
21864
7717
8015
31839
4158
7019
27836
32304
32511
5345
15104
12842
3538

19889
19558
19845
32390
25911
4623
30196
4617
16476
29145
2410
20708
9404
10492
583
6967
31542
10875
28831
6491
18890
27902
10649
25910
22970
10185
25653
28315
25289
5727
31853
12411
25285
18930
12033
18428
23553
9461
23045
7262
5838
25455
27970
15242
3179
28553
22209
1953
6661

18272
8444
25551
13406
19093
18693
3608
29279
11579
31923
21800
17306
31009
1443
9824
17171
13476
28252
7957
22937
18530
15219
28775
11217
10421
11249
14397
6207
690
16350
12868
18962
24795
5651
32368
11120
24345
3208
7631
3156
2364
29432
20462
605
30875
30286
17776
11584
25771
25733
1753

11533
8184
30529
22750
18606
9010
4379
24813
9701
20730
4913
28663
12757
10564
28264
23877
2141
31472
31509
5297
1068
28173
25760
1673
26280
23278
19450
5096
16281
12415
6850
27814
20600
4611
17797
6438
13621
22176
31251
23322
10138
3396
19218
22895
13960
14714
14005
16102
13418
12746
21399
14487
8151
14391
16160
1663
4902
2842
6760
21183
15258
13610
16230
3090
18221
1259
9528
31842
23435
8011
22397
806
11407
8847
23701
25367

23561
4938
8701
4211
17684
30101
18698
25835
11724
2091
27499
16626
4933
1491
5042
20191
15101
21272
23281
554
22531
41
32396
13198
8052
22025
14004
19459
30872
4938
12059
21665
9876
20760
25877
27561
18093
11807
20628
29818
13898
15359
13676
18832
16850
18718
6255
31951
7222
29537
32505
29753
29578
32134
10184
4863
21391
24188
24322
19496
29126
3613
8393
6235
24374
1502
1028
9699
13310
21656
6749
27208
4248
20426
13272
21098
6376
19528
20282

13599
16297
20019
10584
13107
19385
20768
17970
8009
12189
9525
27505
8547
13138
3130
14782
4744
4633
15810
14444
17943
4699
21193
12383
8947
8851
25656
30045
15228
12416
17559
28827
28713
4811
6643
9052
24196
27412
27023
32205
6833
3780
26942
15380
16918
30073
30163
21663
1938
13205
3339
19881
17904
24532
32264
26851
616
25152
24129

15844
4800
8920
11903
745
13731
18546
9798
5160
13190
4053
4597
20023
7833
31540
2636
24751
28845
31
13646
30783
13236
16985
17896
31141
8750
17392
25224
9366
9777
16585
25210
14577
25506
4345
15323
6469
22891
25121
11629
3314
29174
16227
23337
4239
14999
25973
28990
11076
26004
9869
9091
6473
26854
26987
4846
2836
11611
30070
12202
21388
13888
4644
3198
6626
8989
18521
13095
31881
10874
24725
2427
7280

8184
25764
11519
23183
18970
7741
1491
12206
17610
10582
18679
11697
4801
23525
14533
16412
20828
26736
5033
1948
31380
8231
8574
7602
26752
21669
6715
4858
13626
9142
12138
21810
2138
23657
12225
21108
31398
13716
547
16241
24298
19226
27938
29099
9984
9703
12744
30812
3671
17777
32760
2284
26008
8566
9886
19992
30235
16601
24850
11094
25743
4220
136
27881
27877
12362

16222
26507
26078
16769
9980
17609
3227
5150
13940
13211
14854
26684
11255
18525
11693
11247
20809
4933
19813
30695
24925
17281
14528
17007
28375
7503
21227
28511
2617
16336
8105
18839
10076
1416
2840
20056
19025
6067
25207
197
19279
7293
26882
30534
25818
5807
9014
13860
10741
28827
11787
2898
13340
26316
19906
8947
1051
8365
4691
3668
24702
12796
22507
2010

14212
25347
22066
469
31415
14505
667
17926
21798
27549
15692
14849
588
24706
28709
11329
20766
7728
14228
1338
1276
1366
10286
2328
9731
14977
5996
1665
27773
28504
3675
9218
21083
25742
9687
19730
7479
10354
4888
29278
5135
20581
11359
5724
12519
7300
17053
517
15028
31281
1856
16305
32647
12142
18633
9611
27119
24629
11276
22124
20365
14952
31342
8681
7926
8262
28411
15405
18616
532
11915
23752

21113
23274
29476
864
30574
13761
1382
12835
12275
3238
29140
12154
15380
15005
21765
9731
6866
274
31855
27232
15226
30430
3145
23152
5924
31556
5789
24540
32088
17705
15524
20433
8211
12232
21298
6018
25994
22680
18853
5501
25918
15225
17655
8530
30230
6653
18261
4328
6927
17348
31560
22153
15010
1937
12537
20934
726
18326
12707
46
3263
28231
20480
11475
7696
9010
17493
922
31690

3578
6423
24840
18803
24078
602
16265
30731
18863
20593
4890
3443
19386
27043
18454
21323
6812
6620
22049
25139
19327
22096
28402
14791
9808
7109
22487
18818
24602
23409
17740
28180
29832
9812
14215
21142
10414
30480
19106
29277
18306
23996
32720
4924
18272
18406
26247
25084
25027
15529
17455
11586
4857
13090
26377
14665
20199
16096
715
12034
6737
18455
7446
3801
28267
21662
24944
5913
19374
11282
2422
4912
2510

2374
9836
20782
20781
3316
13099
13040
18845
30554
24626
23702
10876
18236
5599
31076
1564
6314
10342
8302
24769
17788
12103
20268
6682
4279
26181
26057
15561
28603
30969
18072
30977
8038
6086
18990
11354
19185
32030
30199
16972
23889
21133
27848
9357
26732
26156
10921
278
3730
19223
25047
21519
31327
12547
28201
2838
5960
21490
18400
1795
19692
3704
4
27730
9790
18995
6316
28976
18257
3747
13180
9378
24880
8260
18735
18844
1649
29657
19122
5379
16112

11401
26898
14671
23948
22332
17510
29908
11054
3142
31703
30746
6846
31707
25708
16636
17934
32024
12844
3424
3003
26024
12802
27883
1517
31538
13959
3166
28427
313
8545
11771
11714
2676
26443
2894
25008
11185
34
3294
14327
31737
1273
21173
30677
26981
5041
15843
26238
17886
19267
29241
11142
32070
24357
12659
30840
5548
15825
26499
5862
24371
5502
17576
27047
31945
20471
19287
10362
20505
22581
24689
19475
23854
13094
17384
18068
18136
459
11538
3254
19727
8011
14396
19029
32368
27056
17101
5149
10113
10832
11011
1716
16334
28587
28763
15512
16290
15282
25874
4028
5096
17796
23503
28950
30890
8119
14250
16258
8578
25788
19512
28305

1032
1141
14566
632
28197
31667
5781
5542
9731
16792
7259
26066
12612
3254
8810
28902
18537
1916
162
23633
19712
23665
19815
17835
31784
1298
1325
7595
27086
20838
3132
28118
21979
17699
28751
17408
16598
1764
22950
26330
18557
30209
19628
31169
696
28438
27303
19233
30354
27466
10098
17299
18363
29913
2366
17380
31211
3691
24975
25530
24529
28107
20880
13740
13038
16863
31148
29637
18628
21331
23199
4417
18772
10059
2818
19468
5729
30121
5933
3315
24819
16031
20614
10415
13177
22980
27795
11620
26672
20002
4382

18433
15341
25263
32174
28380
9358
30554
25249
27986
19117
15680
32403
5122
25739
2453
24590
31468
32575
30524
2015
24626
13787
22630
2273
26964
12842
30068
5817
6746
17302
10199
25180
32644
2694
24586
28256
12053
22372
20737
7271
8722
3649
6907
13844
29388
9360
5666
28088
9167
3422
30103
1026
17210
19965
3299
11406
40
600
17223
6786
17902
27423
31966
17778
30117
23784
13266
9402
13389
1235

16674
22111
4884
23581
3187
1504
173
8853
29592
9341
12276
26928
10367
29486
14125
13666
8124
14165
14266
25348
20952
32169
20003
20150
17179
17352
11167
30446
26755
24556
31681
10661
13899
3798
1474
17086
5302
1647
25939
2127
10988
5447
29055
21355
2165
10412
2254
10290
24578
16520
2870
12762
15921
22873
144
333
7457
11311
30779
1444
3099
29692
12105
16998
722
13579
1316
6025
15227
27256
8152
26215
32703
4439
14803
2101
14851
17057
12391
6661
809

15261
19423
16731
5366
19568
17064
12823
30879
15075
14268
1211
11999
26373
18209
12722
7185
19526
18747
22412
14014
26899
15859
13949
31338
30662
16050
13421
14951
28441
20083
15761
10934
6738
32492
16300
26306
16788
29124
24418
31863
10624
25629
11094
4229
11070
23816
11414
30596
9795
1058
11842
3926
16918
25792
2496
14812
9074
15918
29764
4748
3233
12757
15682
9971
12481
31983
3510
29269
28339
27928
28364
6195
20789
6690
10424
31859

30507
21839
29688
7534
22897
8762
11461
7047
1786
13957
21860
10861
29875
18856
15609
340
31613
31291
10312
11326
30506
13822
7827
26077
8982
3423
32272
29771
10113
9929
28862
7852
31768
25782
15387
21897
1777
26848
28945
3563
8037
18037
14424
5145
4125
30033
5485
2970
28557
15797
14296
26295
29619
22123
19605
5833
25546
19109
2836
2891
29038
31699
10744
28038
24713
26131
17168
26490
20211
13345
30054
28248
31382
11710
625
2739
8976
6111
5709
4765
21908
20005
31060
18760
9360
17897
24593
2138
4239
27430
5029
509
26361

15773
28548
18306
9136
12948
12029
29347
26293
9315
24828
24907
21025
25453
27646
30001
31564
587
1998
20705
20592
291
6697
29952
18188
31290
32090
22427
25952
4351
22937
19545
20125
18717
5084
29261
31665
17113
25841
25190
26428
17901
17329
14685
10586
12207
11919
9383
12794
13917
30088
618
14208
4017
30570
32397
2539
29892
22056
28492
1475
12225
15269
21600
30942
20353
18094
29839
4698
11167
22261
31126
29068
6822
13044
6886
19029
24963
16269
31823
6112
13589
32441
20321
17606
30243
19950
20146
27367
9238
15870
28843
21464
31139
17675
19638
18725
3001
16710
23423
14168
6203
21782
10468
13026
2058
17355
32055
27021
856
31111
365
14446

30784
20686
32052
28260
7868
19430
22859
17107
2532
18934
5803
904
3842
25441
19629
6843
9383
10284
21012
15587
32066
31480
28613
1356
16067
27900
28377
16924
26243
28743
31370
24260
16661
30654
19752
24530
17317
9843
8869
19849
28778
14672
20753
32620
7345
7614
6695
16729
17899
27707
32316

17197
26420
28161
18554
9719
23293
14163
26643
16769
10138
25245
8261
26800
23132
28013
18562
7681
5088
27431
27530

1098
9335
15516
950
16680
23130
7646
641
8261
2585
189
25459
29005
28350
11245
5957
18876
25408
32600
2877
2779
25078
11138
29579
15442
6383
15373
23123
11471
10036
17885
12570
19371
633
13520
3283
23764
21166
3925
32025
23752
4114
24716
19989
32465
3193
25946
18573
28602
25779
21450
31381
18089
32588
28192
763
6203
10797
23886
17674
20833
9003
30244
7436
9637
10997
10719
633
32163
14644
32658
23147
18759
24607
10369
18456
27800
3547
4261
23634
29326
25711
22247
14647
25531
17671
15410
31734
28468
6528
16640
16533
15532
14117
23969
25169
25114
1921
25802
24509
16565
25692
14889
2556
17531
25258
21012
12564
28805
25273
3430
25364

18216
25678
7243
10979
10581
22654
9945
6282
29182
26586
22815
11946
7935
14017
4347
281
15938
30149
24790
32503
23074
6911
2292
7837
32169
23304
20401
28207
15810
23832
20803
1258
16742
28046
12238
27323
17932
22183
837
14347
16001
23653
26293
23936
4902
30641
24217
20840
28022
16240

20575
18328
23151
22867
26166
22553
13404
13799
17992
29214
4863
6027
30472
21605
1305
9942
16161
19238
32126
16998
817
15359
7883
27110
6528
12785
24983
30745
857
20238
14217
21433
5798
4601
11532
31964
27154
24936
12996
12378
21382
17859
18405
19087
6697
19710
29029
22858
6180
28387
7088
6997
10979
14972
1340
17507
27757
26323
15484
28615
13793
29702
17280
19592
1535
28812
18788
28689
20981
31784
8299
9595
16876
26704
28682
23573
13646
24944
13663
19827
20563
20751
26824
31542
2955
28164
16281
30713
21720
31766
26560
2745
28700
11072
22337
30235
7116
8358
26156
28097
7374
1687
4925
24250
28391
839
15055
9269
25783
28718
29096
13579
16702
23153
12353
19657
18549
28635
17602
7501
27633
11394
10247
23565
22466
32584
21032
29583
8174
14420
24912
15549
16107
29837
7031
11730
30677
22087
20999
23692
18037
17328
4503
1971
7713
16857
21629
26262
12724
6463
996
7589
17858
11243
31154
7556
11059
19418
4371
19234
1070
29284
2015
17177
26353
9046
28907
24262
31133
17138
15187
16403
1698
19690
18374
9411
3779
7235
2906
16503
13699
3902
24092
31557
15145
22478
6345
26204
9128
10717
12670
10198
7233
14685
27375
818
23732
23514
25081
22097
7885
7500
5732
9583
27190
24107
18995
30970
31342
21901
14705
12273
25803
6030
11062
8180
28508
17408
1616
4869
28125
14287
15067
2590
28972
9675
3408
19936
421
28489
9266
8306
3221
14998
17890
30412
6337
4117
28614
4912
26018
10551
17185
19053
16581
28248
27233
12322
12888
28849
17191
8245
10368
32258
10835
6573
9165
14243
26509
9587
9965
3007
17893
13186
18006
3015
10830
24343
7132
6676
29255
382
17228
13673
19435
1041
9153
13900
13363
22041
9982
30554
30286
20350
30045
8353
26923
6442
22596
20665
16029
32561
23672
1155
12980
8910
4170
23810
486
11303
30487
29741
11685
14947
10646
31121
15988
19799
12253
29352
9072
22235
27138
6590
9818
24415
14943
3973
30858
4772
24638
14119
4565
15543
15274
17545
24453
19445
8588
24939
30748
6307
21913
9665
21254
32559
8018
4474
19591
20272
1058
28663
9739
28197
2486
19557
19844
17429
23531
17934
22201
15401
32054
26767
30944
14560
11544
22630
1237
20132
14801
31985
26439
3946
8883
14925
3738
16901
19400
23329
4405
20458
19224
14145
15887
21710
934
2964
6372
24465
20898
28573
7099
20184
22572
5275
1977
1349
27905
3214
21481
9939
2432
15153
13885
11315
30078
17623
28216
16710
8184
32622
4401
27409
13999
20288
16351
14933
23252
22723
6631
11383
18529
13730
31567
8333
19005
776
9682
14143
3991
31164
24082
6423
13549
5199
17738
10859
22823
13186
27570
31007
13040
31971
25648
27039
19491
9232
9205
9976
31955
15836
21359
17716
29566
20158
26050
15803
20935
2964
29946
24926
1360
21260
31349
14909
26460
16319
25769
16515
29505
20571
14754
9778
19774
7635
4049
6497
16867
13254
16473
16054
29090
5064
1003
25888
25223
27053
8924
13390
30017
6102
5548
31378
27363
4129
13519
21055
20448
6520
4802
17185
27091
19556
26963
14097
27191
31013
20595
11290
11499
4300
27345
7822
9365
28348
942
1820
22633
9866
15210
19882
15969
20758
18492
10564
24887
32012
31619
12567
5764
3653
29752
88
23209
23948
14185
17633
22193
2012
28923
924
6313
23500
8746
15678
19080
9689
17498
8945
19555
32708
28828
2756
20698
14552
13320
12817
13796
12171
25384
19561
15824
22368
19649
6266
13548
1066
23899
2973
3079
20054
3898
9392
10787
12644
25070
29867
22333
9800
6045
9121
9740
2105
11877
30438
16657
25198
10487
30454
4601
3103
17247
20426
25471
4128
26692
6252
5194
17823
9225
8273
5109
13123
17665
15896
25768
9967
12996
15333
19767
19041
24454
29507
21146
3564
27177
5035
28762
4896
2721
595
7999
19968
21021
703
24096
14945
6955
29291
0
16180
4796
5110
29304
22462
21006
22304
32429
1234
4869
19429
20275
29324
16168
8653
120
10578
13689
28882
15474
16410
29477
23474
3611
17731
24177
27707
32676
31132
24230
32677
14544
29027
5019
11080
18721
26025
616
18382
27260
5486
5043
14767
2042
21212
23421
2162
31790
4342
31044
14496
20752
27753
5202
24363
12716
29379
19303
12625
27743
10765
12534
9520
7024
17553
20600
25745
10810
21217
11360
5302
26703
16403
20070
28745
4847
10723
30907
3869
15065
29183
18366
3049
24168
23568
27413
4117
20180
13948
16742
15155
24713
29276
24675
31738
14061
12508
24715
24871
957
3307
30174
27660
19711
17476
23637
24558
28199
21776
28428
10496
18191
14026
13545
9591
4826
8190
13708
25006
22138
30450
7394
14084
26958
32069
13054
8251
11809
5001
355
12766
8309
30529
7658
28020
15237
31295
19810
10668
20303
15470
21164
5726
29496
1941
15318
1555
10132
29026
26561
32270
26709
1187
13586
20899
489
26640
29151
12298
31642
29506
25065
7183
27267
32723
2435
9736
31251
22245
20404
18786
4948
8800
24513
1676
10741
7063
3231
20873
3321
29793
20376
30030
30980
1194
18162
31469
27835
14545
11000
26709
11283
3297
1124
5782
3252
3559
15518
1735
25804
3154
20522
30752
11954
12267
32429
22695
19330
2892
10801
22651
32685
31177
19914
30898
32371
5308
29599
27438
19853
7831
21379
31136
11128
22503
4150
14381
26062
19668
16116
19099
22822
3870
17083
2008
16137
16744
24703
2699
19637
2736
25351
19554
1145
12497
17684
749
17805
14516
28187
4890
22347
16799
3258
708
6534
7408
15089
32597
27076
31205
18928
17130
2308
3243
19138
18445
19988
11073
21145
6857
13810
13728
26411
14955
26225
11328
15704
11262
25844
11124
16152
15423
27923
19410
16131
1689
26818
31220
1518
21126
29658
20446
5488
31966
23690
24626
17643
10910
2931
6020
17767
16741
19748
11410
31697
13205
22738
14633
24467
15814
25757
7851
31238
20912
27261
14601
22602
21311
13054
24120
9669
9944
11799
15157
9142
2721
7015
26785
13631
9947
38
31398
26688
19786
10040
25617
224
11
7483
24691
15825
472
32543
14295
21385
27036
28897
11219
15580
9183
2571
25249
19127
14370
7639
28269
17091
14654
22286
30722
24601
22324
29352
18522
9343
6625
11371
9567
6636
18854
1490
22461
19327
1265
3989
7944
28302
118
19163
11114
9301
21734
3595
28428
3337
11234
23929
20428
25889
13447
18383
17722
3004
14967
3476
12347
21592
14848
21914
28228
934
23404
17922
20261
24670
21911
28205
20204
22029
14600
31318
31330
3567
2145
26990
6904
13380
18151
27332
6501
31598
12947
24223
1834
27915
27700
14181
16739
9780
3327
12200
10714
26732
30122
30976
18634
19265
26413
6070
8526
8246
4620
7088
11813
6765
1310
18717
20145
19461
13281
26646
18291
26229
18102
20126
21376
13034
1539
5347
22814
4867
17547
760
31599
14901
31736
17465
1398
25382
23535
9924
860
28155
17012
12673
2152
18322
31390
22298
5015
11903
16176
23307
5364
1510
10665
26740
14544
12204
32088
4590
17071
16867
5351
15902
31769
4319
599
399
29701
24134
10324
30561
19521
27336
10466
21674
12891
9088
11204
17906
20992
27380
8445
26356
28891
19110
20329
10667
31315
19649
15258
15618
3748
20609
31521
2749
24928
32120
3149
21862
23487
13473
19655
10240
8041
30122
31914
20932
6442
10350
6071
27434
4963
14516
21023
1086
859
8584
11753
32174
28233
27011
15024
31981
14852
13777
1963
7013
13130
5112
28875
3849
18585
15762
14089
26626
13116
13236
14791
19559
23586
20862
14225
28549
2610
2480
29635
3469
11064
8621
2875
6529
2864
17900
5743
17717
31677
7706
24730
12039
12818
20837
15888
31403
3831
29978
25261
16948
10446
7284
3739
1264
28146
17964
29814
30757
20445
26681
1458
31509
2534
4334
5271
5399
22234
11014
23116
21143
18720
15078
415
31538
3147
16303
30173
6978
13513
22666
23926
23959
29951
27665
25224
25329
12862
22270
23318
539
16183
24777
32048
18718
29111
4551
24117
18577
15565
14465
6952
1517
29543
7367
287
32690
23671
30460
6900
4416
20359
30827
28376
17542
25724
20832
10103
5818
10334
654
6357
26517
25431
5638
12467
21774
10189
3816
7583
25755
18281
14535
27272
15056
21903
27560
14978
12806
25252
21879
17222
12843
19938
12830
30385
12894
894
7721
18713
11228
8375
25070
4978
1038
30708
17445
22812
8130
21262
30395
1117
6775
12162
28389
21832
1297
23181
4042
14103
15666
25921
31326
28509
13091
11388
26127
25986
12283
1080
11931
23511
9455
4233
28489
10493
2174
13167
537
10304
1661
30932
11421
8436
10326
7042
30268
11624
30224
1543
25727
13122
27464
24285
8863
7788
2906
2222
1006
15189
3302
12937
5932
12757
17170
1654
23250
19344
14821
23787
29648
16482
21951
8301
24918
32278
15344
22419
11134
12800
23962
4093
25922
18658
28379
2017
26446
31285
4240
27452
13706
7542
7621
19638
20300
24792
21292
10782
11368
3345
1802
8249
19827
23753
16550
11978
23263
31894
1629
1629
11926
25591
5723
5080
11481
1334
7098
5160
32619
11338
32612
13557
18880
7466
427
6412
32258
21720
17195
10858
25065
18997
19107
12125
9982
2890
24103
478
2016
25732
2107
13943
18555
7830
19023
30036
9164
26121
2428
9015
4691
2273
22572
23572
9739
23000
29984
9229
11952
14411
20087
4249
640
6427
16374
10623
9317
7709
11101
11333
673
13208
25276
19228
21039
11532
16497
30203
4885
18925
6451
9577
21198
29023
381
30937
19255
30365
7398
31207
12009
27486
2689
12649
1145
19063
23272
10462
26773
1605
21795
27446
14814
14304
13907
3085
25836
30404
520
30721
16561
6971
7530
4992
3227
7911
3161
22482
5509
10560
20922
17518
5278
23611
30167
6423
9906
20672
16885
3911
22277
5912
31358
4323
20216
12497
7408
13284
10133
7929
11238
26694
14900
18768
31686
18127
26680
2080
7842
32189
12640
28764
16939
17918
19607
14338
24341
29513
2242
8458
657
24520
14370
32015
28843
1819
11744
3484
15103
21877
11413
26341
15803
26313
12342
14722
11673
6254
16802
19515
5675
29442
15511
22614
14592
2350
4184
6165
31863
6427
14623
32520
30947
28993
31767
27022
30812
10743
30506
13148
32620
9151
6721
15656
2697
19063
30378
14370
25317
14412
1117
30992
11086
16628
20838
25678
18978
25023
31843
18073
31450
13698
17826
29629
9923
16825
23883
7968
27569
21622
21116
27421
30773
27837
10309
702
14133
7919
15072
6682
22331
16189
4907
649
49
25745
26327
19027
18000
25402
4333
16682
6332
22159
13543
16256
6216
4659
24224
1017
26281
12572
28439
24286
7641
5980
24989
21774
13900
7293
28457
3463
23483
596
4113
23532
26341
30440
9792
11574
23075
14125
28256
29407
3516
9032
12895
9732
13691
4351
10750
7204
16923
6421
31490
24565
12401
23711
13571
26301
31005
9260
29765
21720
9856
1110
12484
3430
31550
22276
15004
21857
3633
10492
18497
7149
19524
31392
16882
447
2976
27632
7651
19899
1285
6374
11696
13686
30085
25268
7220
28322
1760
4217
17274
11617
5327
29759
15047
4109
19267
30051
25967
22901
7775
11696
30050
27300
10320
14164
27747
13296
9028
2631
428
10313
9005
12124
24000
6322
4624
31220
1877
6385
2669
19151
18002
7996
16142
281
12105
2642
30332
5304
25543
5339
17000
22825
32639
27321
4222
27619
7849
13250
30250
8277
23564
6487
20402
14796
12809
25026
13248
14686
31411
15917
1070
16645
23913
17212
16926
3250
19854
14490
8555
12629
19830
25555
2687
19701
20108
6909
14552
27958
20159
12034
3467
10955
18521
23869
25751
31331
16128
6231
13249
14771
22148
14319
31417
13293
31532
15575
16544
18618
30066
25099
31248
17128
17886
1167
4061
5227
8076
18614
417
28235
30648
3884
6423
16402
27754
32174
14965
11114
5638
28214
25885
27786
9766
24534
8312
8530
7342
24856
27148
4640
17187
25628
21768
2305
26795
25829
7532
2103
11675
7949
30339
9556
11834
3994
25958
6820
3400
8155
17934
9038
3601
11051
4057
13367
2818
12369
21897
10160
4457
16278
14800
21644
9138
3800
23949
3166
29629
31482
5269
8537
6663
2840
18093
18497
6834
11283
25317
10235
19438
10483
19273
23039
21535
23330
3639
24353
2931
25536
1745
7388
9046
16545
29032
18185
20345
20214
21351
17206
18928
26620
25743
25591
29461
11068
11321
3527
22351
3870
13762
9021
14354
268
32061
3121
23598
2932
27474
26530
28468
29219
1150
4747
12996
30183
22932
573
17629
11515
17779
3789
5367
10755
29380
2060
21823
7933
5588
11407
11804
19350
20428
26158
19618
19721
29279
10449
22653
23985
4211
18354
20436
5361
23101
664
2776
13265
1237
20405
24780
19016
24194
30147
29771
20807
32208
18827
28740
5028
30234
7776
24378
17894
1166
11229
4848
30445
21678
27501
21662
25889
13087
9330
31250
3420
9994
1259
16685
11231
21664
8697
30248
13091
6077
27251
1130
5517
13310
29870
10545
10776
4879
2155
28671
6045
13384
751
3723
2294
28252
25385
28183
8572
1948
26666
11992
11942
27925
28678
23174
16821
4607
20654
29912
10684
15137
31042
16201
28448
28145
26746
6456
256
28902
2359
6301
9518
3110
10024
11813
31363
2642
7228
7167
4590
1126
19159
16532
29051
15069
6938
13105
19677
27592
10249
30361
9962
8524
13795
5642
3901
7773
12098
4157
3907
14458
10458
13426
17568
20483
25239
16163
23125
32467
23330
27715
826
9722
11479
29877
24791
18418
10214
11700
13242
20464
9294
23204
28988
23089
28846
121
30862
8177
4278
2002
22635
14736
15428
7435
2451
7899
23599
25576
7598
14161
20523
8424
23883
32003
5534
15907
17653
15748
27607
30895
3444
4133
21332
32432
27222
17410
32553
25317
25587
4063
27319
15454
18800
9979
22890
21251
17878
13721
14060
25476
27882
1815
1133
18998
1050
6667
2137
18703
22415
29744
16831
25860
1110
5395
25524
28332
22805
25310
20881
15625
29373
15432
31079
15405
25411
21201
3889
10521
2154
17949
3230
30037
19764
4363
16267
20815
11030
18404
6750
677
15380
23581
26537
16490
28976
19294
12055
19014
11836
168
1871
8441
15601
182
23847
8244
21384
27736
18766
23538
12917
21996
20807
32681
26359
4306
20728
4621
22710
27479
5298
5323
18292
31836
21813
14501
18362
1100
747
30198
1269
2618
5871
16870
2800
29718
25114
24184
24686
11112
14955
4835
340
2994
4749
26699
7301
25477
31320
30011
20188
3851
2566
5713
2919
24380
20214
21281
25480
20961
18711
26749
23579
24582
10851
26379
21533
3198
17796
13451
14310
32751
18287
14651
2977
23036
8582
10278
15745
7135
7522
3166
10986
10088
8879
13905
1700
29093
2418
27181
17286
21129
21162
8097
12943
32014
1708
1708
2444
19504
15160
16754
19487
679
31405
22465
23715
7220
32743
6692
14355
7497
9858
25341
17586
18737
6478
19286
15062
8896
13699
32348
30025
2094
7677
10200
1340
9386
11909
3784
28890
27069
20538
15610
27748
19176
5307
18695
26396
5282
25387
7983
12780
2478
556
30366
21215
7034
16884
3510
15930
30584
3090
13187
32678
10768
23387
1250
20154
2528
5034
16276
29597
25572
31886
24577
11980
4425
10504
5608
9708
3124
13591
22488
5602
14147
20086
26817
21181
4202
30327
4343
2018
650
17530
1928
11418
8150
3178
31572
10678
8212
15080
7508
1017
14199
32085
12997
18624
9822
18606
28332
12946
32197
18052
18548
13577
5370
12597
1990
9573
10157
6334
11591
10807
23864
13520
22225
32014
16698
21029
9925
24911
3341
17433
25928
17540
16750
6157
3397
26572
24763
31729
6750
24193
17014
25298
5002
22384
5128
6992
31957
15285
13326
10781
26092
4423
24301
15549
3669
8231
3810
13594
374
7151
31027
26302
24692
15010
32460
28089
8814
24455
27050
15565
15880
11296
8095
20882
913
13223
27875
102
28508
8433
10883
21832
12856
2416
4613
16526
10648
8423
30120
11022
15575
28380
4557
7499
10622
4249
2820
19436
28704
29870
2233
11817
8399
10329
32699
9312
23552
27806
9414
19293
3472
20298
8357
16328
22714
12971
86
594
21394
30207
11617
4201
25819
16174
11700
3673
20423
14520
23109
16359
11623
25343
28176
20022
2904
28108
29334
26456
23146
5980
12981
26618
26278
21339
10179
16225
1542
10265
16819
22936
7704
28436
27138
755
11842
6070
4428
32265
20591
27538
15857
32214
20113
11265
19468
23017
6605
16034
16705
29752
22014
29687
23602
15525
18258
1013
31750
19800
11279
15801
9968
18983
11470
4338
19739
23312
10409
24167
22810
31000
18937
5899
30446
6282
17164
17146
29299
23770
412
13237
20754
22426
10156
11588
5183
28414
12602
4165
15446
23881
19967
25414
10096
31437
29753
29835
21981
7394
21235
12023
5626
7404
17922
3304
13687
2319
20450
10218
26089
20862
23455
14075
10520
843
25663
15704
29257
5497
19869
11935
29378
7068
4582
6707
5737
1567
3774
27719
8961
25009
6974
14587
32414
24897
17891
13333
27216
5573
23551
20537
26435
14239
1844
4187
15082
27507
19891
11572
237
6993
23507
29615
14061
28089
3554
19799
29656
7329
14750
5849
32338
21724
20436
31984
13853
5559
12549
8301
11132
3333
28838
4799
17572
30682
8987
32654
25422
28878
11458
25659
3103
2198
22506
17165
30287
26061
4196
27176
622
18946
257
192
7902
20694
32177
21756
26253
11958
30057
4618
15291
26128
9417
95
24042
18404
32750
16696
14515
11440
9587
17618
13638
32094
2015
11158
25387
6211
5566
26009
25157
5823
26201
292
26517
25610
22048
20003
4801
19337
24621
20092
12697
1270
20188
3972
19675
20170
20668
1422
31610
30256
19040
12481
29582
21056
23639
22201
27267
29205
15442
19657
2260
8875
19949
28778
1718
9229
16013
6519
28566
7866
26611
8496
9136
14031
12468
28811
1433
368
30233
276
30624
16506
12757
27438
4794
3628
16871
32061
65
32313
18950
2325
8421
6131
31103
10139
15360
14348
16658
11159
22214
10501
19655
31351
24533
32123
27394
25966
32491
24860
26242
30348
8598
6231
25018
13392
9859
9122
12685
9924
8667
31636
12250
17088
4999
10585
27227
20360
24934
11117
31519
14380
21619
18406
12963
13384
17761
7590
6582
17484
32450
57
15064
8280
6288
7315
21672
16148
16437
1589
26072
25104
457
5554
9425
5457
16140
3884
25817
8306
15002
24568
22686
3853
10206
2882
17237
27967
10472
23819
12683
10154
23876
27748
18434
30165
2295
7338
13545
18732
8927
6849
11068
9385
12404
20493
14842
28544
24378
7891
4082
6612
32459
26768
10465
9897
29650
27702
5096
7354
18753
17779
17508
9862
12759
3174
7259
15054
10512
20804
1018
19440
27653
12087
28825
7289
32580
10899
3065
24190
18790
7147
30802
18481
1148
8499
28378
30798
3433
706
5385
22187
18485
22893
32049
31245
26068
6540
13531
3812
27344
14550
23252
22229
26637
19309
29519
26449
30208
32584
17872
16230
6964
15906
1943
8112
24406
30321
6142
27839
31027
11527
17258
16745
1653
16539
15222
27721
23079
28753
31533
17655
10535
22018
7117
4404
8559
3868
30854
6000
3684
15958
22230
10648
31864
24174
18760
23502
21727
24903
18574
19987
3662
3064
3964
5315
19604
19186
268
9915
15171
31802
27571
25707
21052
1920
30111
29611
5788
28197
2843
9472
11387
25074
20121
10484
16480
6113
1218
5439
31016
19792
25426
1911
22857
29390
7226
9693
15808
7495
19608
30980
6529
14411
23919
27581
16331
21262
24424
22119
16692
27268
31592
28079
19574
18945

25483
25193
13127
28295
13888
5207
15228
26805
17287
6172
23851

20353
21631
9525
17431
15150
1593
15040
1145
30758
6756
5081
15711
14324
23574
7446
22692
18711
23655
9019
6675
16370
1444
19803
11897
15332
25010
27126
9370
9530
530
453
29883
22161
9978
14547

4543
11571
29587
5688
9561
3575
10769
25272
17900
1575
32719
7824
20286
23606
16843
26962
7208
18287
13997
19105
851
6239
13463
10221
15769
13993
10674
12885
3386
20652
27432
7929
32224
24251
13617
9017
27826
24386
1522
12958
25961
1473
20782
13480
25079
4857
7674
32287
23144
21671
18624
23996
27910
32088
1449
10912
13313
12124
23797
16700
8
18461
24629
32232
9944
5479
8482
5002
29865
10004
17961
23059
11477
5975
3771
3788

10833
11445
3307
1209
348
21931
25205
28258
21251
26655
6402
1797
6011
30199
18497
6019
15892
10358
5484
25836
15837
13966
30839
12935
23970
16032
3226
2679
22007
6997
6467
72

18442
9774
1282
18790
31705
26487
14280
20189
20374
20683
21986
26385
18114
7715
32405
1239
18073
5121
27075
1143
19087
25146
14078
10289
8410
17304
12968
30418
24301
19435
30490
9975
29209
31772
28765

28146
25492
10277
15567
13098
30960
4785
6716
16307
12500
6353
17546
30574
11474
11853
31717
30561
4232
13027
8082
12642
30331
21050
10292
21864
7717
8015
31839
4158
7019
27836
32304
32511
5345
15104
12842
3538

19889
19558
19845
32390
25911
4623
30196
4617
16476
29145
2410
20708
9404
10492
583
6967
31542
10875
28831
6491
18890
27902
10649
25910
22970
10185
25653
28315
25289
5727
31853
12411
25285
18930
12033
18428
23553
9461
23045
7262
5838
25455
27970
15242
3179
28553
22209
1953
6661

18272
8444
25551
13406
19093
18693
3608
29279
11579
31923
21800
17306
31009
1443
9824
17171
13476
28252
7957
22937
18530
15219
28775
11217
10421
11249
14397
6207
690
16350
12868
18962
24795
5651
32368
11120
24345
3208
7631
3156
2364
29432
20462
605
30875
30286
17776
11584
25771
25733
1753

11533
8184
30529
22750
18606
9010
4379
24813
9701
20730
4913
28663
12757
10564
28264
23877
2141
31472
31509
5297
1068
28173
25760
1673
26280
23278
19450
5096
16281
12415
6850
27814
20600
4611
17797
6438
13621
22176
31251
23322
10138
3396
19218
22895
13960
14714
14005
16102
13418
12746
21399
14487
8151
14391
16160
1663
4902
2842
6760
21183
15258
13610
16230
3090
18221
1259
9528
31842
23435
8011
22397
806
11407
8847
23701
25367

23561
4938
8701
4211
17684
30101
18698
25835
11724
2091
27499
16626
4933
1491
5042
20191
15101
21272
23281
554
22531
41
32396
13198
8052
22025
14004
19459
30872
4938
12059
21665
9876
20760
25877
27561
18093
11807
20628
29818
13898
15359
13676
18832
16850
18718
6255
31951
7222
29537
32505
29753
29578
32134
10184
4863
21391
24188
24322
19496
29126
3613
8393
6235
24374
1502
1028
9699
13310
21656
6749
27208
4248
20426
13272
21098
6376
19528
20282

13599
16297
20019
10584
13107
19385
20768
17970
8009
12189
9525
27505
8547
13138
3130
14782
4744
4633
15810
14444
17943
4699
21193
12383
8947
8851
25656
30045
15228
12416
17559
28827
28713
4811
6643
9052
24196
27412
27023
32205
6833
3780
26942
15380
16918
30073
30163
21663
1938
13205
3339
19881
17904
24532
32264
26851
616
25152
24129

15844
4800
8920
11903
745
13731
18546
9798
5160
13190
4053
4597
20023
7833
31540
2636
24751
28845
31
13646
30783
13236
16985
17896
31141
8750
17392
25224
9366
9777
16585
25210
14577
25506
4345
15323
6469
22891
25121
11629
3314
29174
16227
23337
4239
14999
25973
28990
11076
26004
9869
9091
6473
26854
26987
4846
2836
11611
30070
12202
21388
13888
4644
3198
6626
8989
18521
13095
31881
10874
24725
2427
7280

8184
25764
11519
23183
18970
7741
1491
12206
17610
10582
18679
11697
4801
23525
14533
16412
20828
26736
5033
1948
31380
8231
8574
7602
26752
21669
6715
4858
13626
9142
12138
21810
2138
23657
12225
21108
31398
13716
547
16241
24298
19226
27938
29099
9984
9703
12744
30812
3671
17777
32760
2284
26008
8566
9886
19992
30235
16601
24850
11094
25743
4220
136
27881
27877
12362

16222
26507
26078
16769
9980
17609
3227
5150
13940
13211
14854
26684
11255
18525
11693
11247
20809
4933
19813
30695
24925
17281
14528
17007
28375
7503
21227
28511
2617
16336
8105
18839
10076
1416
2840
20056
19025
6067
25207
197
19279
7293
26882
30534
25818
5807
9014
13860
10741
28827
11787
2898
13340
26316
19906
8947
1051
8365
4691
3668
24702
12796
22507
2010

14212
25347
22066
469
31415
14505
667
17926
21798
27549
15692
14849
588
24706
28709
11329
20766
7728
14228
1338
1276
1366
10286
2328
9731
14977
5996
1665
27773
28504
3675
9218
21083
25742
9687
19730
7479
10354
4888
29278
5135
20581
11359
5724
12519
7300
17053
517
15028
31281
1856
16305
32647
12142
18633
9611
27119
24629
11276
22124
20365
14952
31342
8681
7926
8262
28411
15405
18616
532
11915
23752

21113
23274
29476
864
30574
13761
1382
12835
12275
3238
29140
12154
15380
15005
21765
9731
6866
274
31855
27232
15226
30430
3145
23152
5924
31556
5789
24540
32088
17705
15524
20433
8211
12232
21298
6018
25994
22680
18853
5501
25918
15225
17655
8530
30230
6653
18261
4328
6927
17348
31560
22153
15010
1937
12537
20934
726
18326
12707
46
3263
28231
20480
11475
7696
9010
17493
922
31690

3578
6423
24840
18803
24078
602
16265
30731
18863
20593
4890
3443
19386
27043
18454
21323
6812
6620
22049
25139
19327
22096
28402
14791
9808
7109
22487
18818
24602
23409
17740
28180
29832
9812
14215
21142
10414
30480
19106
29277
18306
23996
32720
4924
18272
18406
26247
25084
25027
15529
17455
11586
4857
13090
26377
14665
20199
16096
715
12034
6737
18455
7446
3801
28267
21662
24944
5913
19374
11282
2422
4912
2510

2374
9836
20782
20781
3316
13099
13040
18845
30554
24626
23702
10876
18236
5599
31076
1564
6314
10342
8302
24769
17788
12103
20268
6682
4279
26181
26057
15561
28603
30969
18072
30977
8038
6086
18990
11354
19185
32030
30199
16972
23889
21133
27848
9357
26732
26156
10921
278
3730
19223
25047
21519
31327
12547
28201
2838
5960
21490
18400
1795
19692
3704
4
27730
9790
18995
6316
28976
18257
3747
13180
9378
24880
8260
18735
18844
1649
29657
19122
5379
16112

11401
26898
14671
23948
22332
17510
29908
11054
3142
31703
30746
6846
31707
25708
16636
17934
32024
12844
3424
3003
26024
12802
27883
1517
31538
13959
3166
28427
313
8545
11771
11714
2676
26443
2894
25008
11185
34
3294
14327
31737
1273
21173
30677
26981
5041
15843
26238
17886
19267
29241
11142
32070
24357
12659
30840
5548
15825
26499
5862
24371
5502
17576
27047
31945
20471
19287
10362
20505
22581
24689
19475
23854
13094
17384
18068
18136
459
11538
3254
19727
8011
14396
19029
32368
27056
17101
5149
10113
10832
11011
1716
16334
28587
28763
15512
16290
15282
25874
4028
5096
17796
23503
28950
30890
8119
14250
16258
8578
25788
19512
28305

1032
1141
14566
632
28197
31667
5781
5542
9731
16792
7259
26066
12612
3254
8810
28902
18537
1916
162
23633
19712
23665
19815
17835
31784
1298
1325
7595
27086
20838
3132
28118
21979
17699
28751
17408
16598
1764
22950
26330
18557
30209
19628
31169
696
28438
27303
19233
30354
27466
10098
17299
18363
29913
2366
17380
31211
3691
24975
25530
24529
28107
20880
13740
13038
16863
31148
29637
18628
21331
23199
4417
18772
10059
2818
19468
5729
30121
5933
3315
24819
16031
20614
10415
13177
22980
27795
11620
26672
20002
4382

18433
15341
25263
32174
28380
9358
30554
25249
27986
19117
15680
32403
5122
25739
2453
24590
31468
32575
30524
2015
24626
13787
22630
2273
26964
12842
30068
5817
6746
17302
10199
25180
32644
2694
24586
28256
12053
22372
20737
7271
8722
3649
6907
13844
29388
9360
5666
28088
9167
3422
30103
1026
17210
19965
3299
11406
40
600
17223
6786
17902
27423
31966
17778
30117
23784
13266
9402
13389
1235

16674
22111
4884
23581
3187
1504
173
8853
29592
9341
12276
26928
10367
29486
14125
13666
8124
14165
14266
25348
20952
32169
20003
20150
17179
17352
11167
30446
26755
24556
31681
10661
13899
3798
1474
17086
5302
1647
25939
2127
10988
5447
29055
21355
2165
10412
2254
10290
24578
16520
2870
12762
15921
22873
144
333
7457
11311
30779
1444
3099
29692
12105
16998
722
13579
1316
6025
15227
27256
8152
26215
32703
4439
14803
2101
14851
17057
12391
6661
809

15261
19423
16731
5366
19568
17064
12823
30879
15075
14268
1211
11999
26373
18209
12722
7185
19526
18747
22412
14014
26899
15859
13949
31338
30662
16050
13421
14951
28441
20083
15761
10934
6738
32492
16300
26306
16788
29124
24418
31863
10624
25629
11094
4229
11070
23816
11414
30596
9795
1058
11842
3926
16918
25792
2496
14812
9074
15918
29764
4748
3233
12757
15682
9971
12481
31983
3510
29269
28339
27928
28364
6195
20789
6690
10424
31859

30507
21839
29688
7534
22897
8762
11461
7047
1786
13957
21860
10861
29875
18856
15609
340
31613
31291
10312
11326
30506
13822
7827
26077
8982
3423
32272
29771
10113
9929
28862
7852
31768
25782
15387
21897
1777
26848
28945
3563
8037
18037
14424
5145
4125
30033
5485
2970
28557
15797
14296
26295
29619
22123
19605
5833
25546
19109
2836
2891
29038
31699
10744
28038
24713
26131
17168
26490
20211
13345
30054
28248
31382
11710
625
2739
8976
6111
5709
4765
21908
20005
31060
18760
9360
17897
24593
2138
4239
27430
5029
509
26361

15773
28548
18306
9136
12948
12029
29347
26293
9315
24828
24907
21025
25453
27646
30001
31564
587
1998
20705
20592
291
6697
29952
18188
31290
32090
22427
25952
4351
22937
19545
20125
18717
5084
29261
31665
17113
25841
25190
26428
17901
17329
14685
10586
12207
11919
9383
12794
13917
30088
618
14208
4017
30570
32397
2539
29892
22056
28492
1475
12225
15269
21600
30942
20353
18094
29839
4698
11167
22261
31126
29068
6822
13044
6886
19029
24963
16269
31823
6112
13589
32441
20321
17606
30243
19950
20146
27367
9238
15870
28843
21464
31139
17675
19638
18725
3001
16710
23423
14168
6203
21782
10468
13026
2058
17355
32055
27021
856
31111
365
14446

30784
20686
32052
28260
7868
19430
22859
17107
2532
18934
5803
904
3842
25441
19629
6843
9383
10284
21012
15587
32066
31480
28613
1356
16067
27900
28377
16924
26243
28743
31370
24260
16661
30654
19752
24530
17317
9843
8869
19849
28778
14672
20753
32620
7345
7614
6695
16729
17899
27707
32316

17197
26420
28161
18554
9719
23293
14163
26643
16769
10138
25245
8261
26800
23132
28013
18562
7681
5088
27431
27530

1098
9335
15516
950
16680
23130
7646
641
8261
2585
189
25459
29005
28350
11245
5957
18876
25408
32600
2877
2779
25078
11138
29579
15442
6383
15373
23123
11471
10036
17885
12570
19371
633
13520
3283
23764
21166
3925
32025
23752
4114
24716
19989
32465
3193
25946
18573
28602
25779
21450
31381
18089
32588
28192
763
6203
10797
23886
17674
20833
9003
30244
7436
9637
10997
10719
633
32163
14644
32658
23147
18759
24607
10369
18456
27800
3547
4261
23634
29326
25711
22247
14647
25531
17671
15410
31734
28468
6528
16640
16533
15532
14117
23969
25169
25114
1921
25802
24509
16565
25692
14889
2556
17531
25258
21012
12564
28805
25273
3430
25364

18216
25678
7243
10979
10581
22654
9945
6282
29182
26586
22815
11946
7935
14017
4347
281
15938
30149
24790
32503
23074
6911
2292
7837
32169
23304
20401
28207
15810
23832
20803
1258
16742
28046
12238
27323
17932
22183
837
14347
16001
23653
26293
23936
4902
30641
24217
20840
28022
16240

20575
18328
23151
22867
26166
22553
13404
13799
17992
29214
4863
6027
30472
21605
1305
9942
16161
19238
32126
16998
817
15359
7883
27110
6528
12785
24983
30745
857
20238
14217
21433
5798
4601
11532
31964
27154
24936
12996
12378
21382
17859
18405
19087
6697
19710
29029
22858
6180
28387
7088
6997
10979
14972
1340
17507
27757
26323
15484
28615
13793
29702
17280
19592
1535
28812
18788
28689
20981
31784
8299
9595
16876
26704
28682
23573
13646
24944
13663
19827
20563
20751
26824
31542
2955
28164
16281
30713
21720
31766
26560
2745
28700
11072
22337
30235
7116
8358
26156
28097
7374
1687
4925
24250
28391
839
15055
9269
25783
28718
29096
13579
16702
23153
12353
19657
18549
28635
17602
7501
27633
11394
10247
23565
22466
32584
21032
29583
8174
14420
24912
15549
16107
29837
7031
11730
30677
22087
20999
23692
18037
17328
4503
1971
7713
16857
21629
26262
12724
6463
996
7589
17858
11243
31154
7556
11059
19418
4371
19234
1070
29284
2015
17177
26353
9046
28907
24262
31133
17138
15187
16403
1698
19690
18374
9411
3779
7235
2906
16503
13699
3902
24092
31557
15145
22478
6345
26204
9128
10717
12670
10198
7233
14685
27375
818
23732
23514
25081
22097
7885
7500
5732
9583
27190
24107
18995
30970
31342
21901
14705
12273
25803
6030
11062
8180
28508
17408
1616
4869
28125
14287
15067
2590
28972
9675
3408
19936
421
28489
9266
8306
3221
14998
17890
30412
6337
4117
28614
4912
26018
10551
17185
19053
16581
28248
27233
12322
12888
28849
17191
8245
10368
32258
10835
6573
9165
14243
26509
9587
9965
3007
17893
13186
18006
3015
10830
24343
7132
6676
29255
382
17228
13673
19435
1041
9153
13900
13363
22041
9982
30554
30286
20350
30045
8353
26923
6442
22596
20665
16029
32561
23672
1155
12980
8910
4170
23810
486
11303
30487
29741
11685
14947
10646
31121
15988
19799
12253
29352
9072
22235
27138
6590
9818
24415
14943
3973
30858
4772
24638
14119
4565
15543
15274
17545
24453
19445
8588
24939
30748
6307
21913
9665
21254
32559
8018
4474
19591
20272
1058
28663
9739
28197
2486
19557
19844
17429
23531
17934
22201
15401
32054
26767
30944
14560
11544
22630
1237
20132
14801
31985
26439
3946
8883
14925
3738
16901
19400
23329
4405
20458
19224
14145
15887
21710
934
2964
6372
24465
20898
28573
7099
20184
22572
5275
1977
1349
27905
3214
21481
9939
2432
15153
13885
11315
30078
17623
28216
16710
8184
32622
4401
27409
13999
20288
16351
14933
23252
22723
6631
11383
18529
13730
31567
8333
19005
776
9682
14143
3991
31164
24082
6423
13549
5199
17738
10859
22823
13186
27570
31007
13040
31971
25648
27039
19491
9232
9205
9976
31955
15836
21359
17716
29566
20158
26050
15803
20935
2964
29946
24926
1360
21260
31349
14909
26460
16319
25769
16515
29505
20571
14754
9778
19774
7635
4049
6497
16867
13254
16473
16054
29090
5064
1003
25888
25223
27053
8924
13390
30017
6102
5548
31378
27363
4129
13519
21055
20448
6520
4802
17185
27091
19556
26963
14097
27191
31013
20595
11290
11499
4300
27345
7822
9365
28348
942
1820
22633
9866
15210
19882
15969
20758
18492
10564
24887
32012
31619
12567
5764
3653
29752
88
23209
23948
14185
17633
22193
2012
28923
924
6313
23500
8746
15678
19080
9689
17498
8945
19555
32708
28828
2756
20698
14552
13320
12817
13796
12171
25384
19561
15824
22368
19649
6266
13548
1066
23899
2973
3079
20054
3898
9392
10787
12644
25070
29867
22333
9800
6045
9121
9740
2105
11877
30438
16657
25198
10487
30454
4601
3103
17247
20426
25471
4128
26692
6252
5194
17823
9225
8273
5109
13123
17665
15896
25768
9967
12996
15333
19767
19041
24454
29507
21146
3564
27177
5035
28762
4896
2721
595
7999
19968
21021
703
24096
14945
6955
29291
0
16180
4796
5110
29304
22462
21006
22304
32429
1234
4869
19429
20275
29324
16168
8653
120
10578
13689
28882
15474
16410
29477
23474
3611
17731
24177
27707
32676
31132
24230
32677
14544
29027
5019
11080
18721
26025
616
18382
27260
5486
5043
14767
2042
21212
23421
2162
31790
4342
31044
14496
20752
27753
5202
24363
12716
29379
19303
12625
27743
10765
12534
9520
7024
17553
20600
25745
10810
21217
11360
5302
26703
16403
20070
28745
4847
10723
30907
3869
15065
29183
18366
3049
24168
23568
27413
4117
20180
13948
16742
15155
24713
29276
24675
31738
14061
12508
24715
24871
957
3307
30174
27660
19711
17476
23637
24558
28199
21776
28428
10496
18191
14026
13545
9591
4826
8190
13708
25006
22138
30450
7394
14084
26958
32069
13054
8251
11809
5001
355
12766
8309
30529
7658
28020
15237
31295
19810
10668
20303
15470
21164
5726
29496
1941
15318
1555
10132
29026
26561
32270
26709
1187
13586
20899
489
26640
29151
12298
31642
29506
25065
7183
27267
32723
2435
9736
31251
22245
20404
18786
4948
8800
24513
1676
10741
7063
3231
20873
3321
29793
20376
30030
30980
1194
18162
31469
27835
14545
11000
26709
11283
3297
1124
5782
3252
3559
15518
1735
25804
3154
20522
30752
11954
12267
32429
22695
19330
2892
10801
22651
32685
31177
19914
30898
32371
5308
29599
27438
19853
7831
21379
31136
11128
22503
4150
14381
26062
19668
16116
19099
22822
3870
17083
2008
16137
16744
24703
2699
19637
2736
25351
19554
1145
12497
17684
749
17805
14516
28187
4890
22347
16799
3258
708
6534
7408
15089
32597
27076
31205
18928
17130
2308
3243
19138
18445
19988
11073
21145
6857
13810
13728
26411
14955
26225
11328
15704
11262
25844
11124
16152
15423
27923
19410
16131
1689
26818
31220
1518
21126
29658
20446
5488
31966
23690
24626
17643
10910
2931
6020
17767
16741
19748
11410
31697
13205
22738
14633
24467
15814
25757
7851
31238
20912
27261
14601
22602
21311
13054
24120
9669
9944
11799
15157
9142
2721
7015
26785
13631
9947
38
31398
26688
19786
10040
25617
224
11
7483
24691
15825
472
32543
14295
21385
27036
28897
11219
15580
9183
2571
25249
19127
14370
7639
28269
17091
14654
22286
30722
24601
22324
29352
18522
9343
6625
11371
9567
6636
18854
1490
22461
19327
1265
3989
7944
28302
118
19163
11114
9301
21734
3595
28428
3337
11234
23929
20428
25889
13447
18383
17722
3004
14967
3476
12347
21592
14848
21914
28228
934
23404
17922
20261
24670
21911
28205
20204
22029
14600
31318
31330
3567
2145
26990
6904
13380
18151
27332
6501
31598
12947
24223
1834
27915
27700
14181
16739
9780
3327
12200
10714
26732
30122
30976
18634
19265
26413
6070
8526
8246
4620
7088
11813
6765
1310
18717
20145
19461
13281
26646
18291
26229
18102
20126
21376
13034
1539
5347
22814
4867
17547
760
31599
14901
31736
17465
1398
25382
23535
9924
860
28155
17012
12673
2152
18322
31390
22298
5015
11903
16176
23307
5364
1510
10665
26740
14544
12204
32088
4590
17071
16867
5351
15902
31769
4319
599
399
29701
24134
10324
30561
19521
27336
10466
21674
12891
9088
11204
17906
20992
27380
8445
26356
28891
19110
20329
10667
31315
19649
15258
15618
3748
20609
31521
2749
24928
32120
3149
21862
23487
13473
19655
10240
8041
30122
31914
20932
6442
10350
6071
27434
4963
14516
21023
1086
859
8584
11753
32174
28233
27011
15024
31981
14852
13777
1963
7013
13130
5112
28875
3849
18585
15762
14089
26626
13116
13236
14791
19559
23586
20862
14225
28549
2610
2480
29635
3469
11064
8621
2875
6529
2864
17900
5743
17717
31677
7706
24730
12039
12818
20837
15888
31403
3831
29978
25261
16948
10446
7284
3739
1264
28146
17964
29814
30757
20445
26681
1458
31509
2534
4334
5271
5399
22234
11014
23116
21143
18720
15078
415
31538
3147
16303
30173
6978
13513
22666
23926
23959
29951
27665
25224
25329
12862
22270
23318
539
16183
24777
32048
18718
29111
4551
24117
18577
15565
14465
6952
1517
29543
7367
287
32690
23671
30460
6900
4416
20359
30827
28376
17542
25724
20832
10103
5818
10334
654
6357
26517
25431
5638
12467
21774
10189
3816
7583
25755
18281
14535
27272
15056
21903
27560
14978
12806
25252
21879
17222
12843
19938
12830
30385
12894
894
7721
18713
11228
8375
25070
4978
1038
30708
17445
22812
8130
21262
30395
1117
6775
12162
28389
21832
1297
23181
4042
14103
15666
25921
31326
28509
13091
11388
26127
25986
12283
1080
11931
23511
9455
4233
28489
10493
2174
13167
537
10304
1661
30932
11421
8436
10326
7042
30268
11624
30224
1543
25727
13122
27464
24285
8863
7788
2906
2222
1006
15189
3302
12937
5932
12757
17170
1654
23250
19344
14821
23787
29648
16482
21951
8301
24918
32278
15344
22419
11134
12800
23962
4093
25922
18658
28379
2017
26446
31285
4240
27452
13706
7542
7621
19638
20300
24792
21292
10782
11368
3345
1802
8249
19827
23753
16550
11978
23263
31894
1629
1629
11926
25591
5723
5080
11481
1334
7098
5160
32619
11338
32612
13557
18880
7466
427
6412
32258
21720
17195
10858
25065
18997
19107
12125
9982
2890
24103
478
2016
25732
2107
13943
18555
7830
19023
30036
9164
26121
2428
9015
4691
2273
22572
23572
9739
23000
29984
9229
11952
14411
20087
4249
640
6427
16374
10623
9317
7709
11101
11333
673
13208
25276
19228
21039
11532
16497
30203
4885
18925
6451
9577
21198
29023
381
30937
19255
30365
7398
31207
12009
27486
2689
12649
1145
19063
23272
10462
26773
1605
21795
27446
14814
14304
13907
3085
25836
30404
520
30721
16561
6971
7530
4992
3227
7911
3161
22482
5509
10560
20922
17518
5278
23611
30167
6423
9906
20672
16885
3911
22277
5912
31358
4323
20216
12497
7408
13284
10133
7929
11238
26694
14900
18768
31686
18127
26680
2080
7842
32189
12640
28764
16939
17918
19607
14338
24341
29513
2242
8458
657
24520
14370
32015
28843
1819
11744
3484
15103
21877
11413
26341
15803
26313
12342
14722
11673
6254
16802
19515
5675
29442
15511
22614
14592
2350
4184
6165
31863
6427
14623
32520
30947
28993
31767
27022
30812
10743
30506
13148
32620
9151
6721
15656
2697
19063
30378
14370
25317
14412
1117
30992
11086
16628
20838
25678
18978
25023
31843
18073
31450
13698
17826
29629
9923
16825
23883
7968
27569
21622
21116
27421
30773
27837
10309
702
14133
7919
15072
6682
22331
16189
4907
649
49
25745
26327
19027
18000
25402
4333
16682
6332
22159
13543
16256
6216
4659
24224
1017
26281
12572
28439
24286
7641
5980
24989
21774
13900
7293
28457
3463
23483
596
4113
23532
26341
30440
9792
11574
23075
14125
28256
29407
3516
9032
12895
9732
13691
4351
10750
7204
16923
6421
31490
24565
12401
23711
13571
26301
31005
9260
29765
21720
9856
1110
12484
3430
31550
22276
15004
21857
3633
10492
18497
7149
19524
31392
16882
447
2976
27632
7651
19899
1285
6374
11696
13686
30085
25268
7220
28322
1760
4217
17274
11617
5327
29759
15047
4109
19267
30051
25967
22901
7775
11696
30050
27300
10320
14164
27747
13296
9028
2631
428
10313
9005
12124
24000
6322
4624
31220
1877
6385
2669
19151
18002
7996
16142
281
12105
2642
30332
5304
25543
5339
17000
22825
32639
27321
4222
27619
7849
13250
30250
8277
23564
6487
20402
14796
12809
25026
13248
14686
31411
15917
1070
16645
23913
17212
16926
3250
19854
14490
8555
12629
19830
25555
2687
19701
20108
6909
14552
27958
20159
12034
3467
10955
18521
23869
25751
31331
16128
6231
13249
14771
22148
14319
31417
13293
31532
15575
16544
18618
30066
25099
31248
17128
17886
1167
4061
5227
8076
18614
417
28235
30648
3884
6423
16402
27754
32174
14965
11114
5638
28214
25885
27786
9766
24534
8312
8530
7342
24856
27148
4640
17187
25628
21768
2305
26795
25829
7532
2103
11675
7949
30339
9556
11834
3994
25958
6820
3400
8155
17934
9038
3601
11051
4057
13367
2818
12369
21897
10160
4457
16278
14800
21644
9138
3800
23949
3166
29629
31482
5269
8537
6663
2840
18093
18497
6834
11283
25317
10235
19438
10483
19273
23039
21535
23330
3639
24353
2931
25536
1745
7388
9046
16545
29032
18185
20345
20214
21351
17206
18928
26620
25743
25591
29461
11068
11321
3527
22351
3870
13762
9021
14354
268
32061
3121
23598
2932
27474
26530
28468
29219
1150
4747
12996
30183
22932
573
17629
11515
17779
3789
5367
10755
29380
2060
21823
7933
5588
11407
11804
19350
20428
26158
19618
19721
29279
10449
22653
23985
4211
18354
20436
5361
23101
664
2776
13265
1237
20405
24780
19016
24194
30147
29771
20807
32208
18827
28740
5028
30234
7776
24378
17894
1166
11229
4848
30445
21678
27501
21662
25889
13087
9330
31250
3420
9994
1259
16685
11231
21664
8697
30248
13091
6077
27251
1130
5517
13310
29870
10545
10776
4879
2155
28671
6045
13384
751
3723
2294
28252
25385
28183
8572
1948
26666
11992
11942
27925
28678
23174
16821
4607
20654
29912
10684
15137
31042
16201
28448
28145
26746
6456
256
28902
2359
6301
9518
3110
10024
11813
31363
2642
7228
7167
4590
1126
19159
16532
29051
15069
6938
13105
19677
27592
10249
30361
9962
8524
13795
5642
3901
7773
12098
4157
3907
14458
10458
13426
17568
20483
25239
16163
23125
32467
23330
27715
826
9722
11479
29877
24791
18418
10214
11700
13242
20464
9294
23204
28988
23089
28846
121
30862
8177
4278
2002
22635
14736
15428
7435
2451
7899
23599
25576
7598
14161
20523
8424
23883
32003
5534
15907
17653
15748
27607
30895
3444
4133
21332
32432
27222
17410
32553
25317
25587
4063
27319
15454
18800
9979
22890
21251
17878
13721
14060
25476
27882
1815
1133
18998
1050
6667
2137
18703
22415
29744
16831
25860
1110
5395
25524
28332
22805
25310
20881
15625
29373
15432
31079
15405
25411
21201
3889
10521
2154
17949
3230
30037
19764
4363
16267
20815
11030
18404
6750
677
15380
23581
26537
16490
28976
19294
12055
19014
11836
168
1871
8441
15601
182
23847
8244
21384
27736
18766
23538
12917
21996
20807
32681
26359
4306
20728
4621
22710
27479
5298
5323
18292
31836
21813
14501
18362
1100
747
30198
1269
2618
5871
16870
2800
29718
25114
24184
24686
11112
14955
4835
340
2994
4749
26699
7301
25477
31320
30011
20188
3851
2566
5713
2919
24380
20214
21281
25480
20961
18711
26749
23579
24582
10851
26379
21533
3198
17796
13451
14310
32751
18287
14651
2977
23036
8582
10278
15745
7135
7522
3166
10986
10088
8879
13905
1700
29093
2418
27181
17286
21129
21162
8097
12943
32014
1708
1708
2444
19504
15160
16754
19487
679
31405
22465
23715
7220
32743
6692
14355
7497
9858
25341
17586
18737
6478
19286
15062
8896
13699
32348
30025
2094
7677
10200
1340
9386
11909
3784
28890
27069
20538
15610
27748
19176
5307
18695
26396
5282
25387
7983
12780
2478
556
30366
21215
7034
16884
3510
15930
30584
3090
13187
32678
10768
23387
1250
20154
2528
5034
16276
29597
25572
31886
24577
11980
4425
10504
5608
9708
3124
13591
22488
5602
14147
20086
26817
21181
4202
30327
4343
2018
650
17530
1928
11418
8150
3178
31572
10678
8212
15080
7508
1017
14199
32085
12997
18624
9822
18606
28332
12946
32197
18052
18548
13577
5370
12597
1990
9573
10157
6334
11591
10807
23864
13520
22225
32014
16698
21029
9925
24911
3341
17433
25928
17540
16750
6157
3397
26572
24763
31729
6750
24193
17014
25298
5002
22384
5128
6992
31957
15285
13326
10781
26092
4423
24301
15549
3669
8231
3810
13594
374
7151
31027
26302
24692
15010
32460
28089
8814
24455
27050
15565
15880
11296
8095
20882
913
13223
27875
102
28508
8433
10883
21832
12856
2416
4613
16526
10648
8423
30120
11022
15575
28380
4557
7499
10622
4249
2820
19436
28704
29870
2233
11817
8399
10329
32699
9312
23552
27806
9414
19293
3472
20298
8357
16328
22714
12971
86
594
21394
30207
11617
4201
25819
16174
11700
3673
20423
14520
23109
16359
11623
25343
28176
20022
2904
28108
29334
26456
23146
5980
12981
26618
26278
21339
10179
16225
1542
10265
16819
22936
7704
28436
27138
755
11842
6070
4428
32265
20591
27538
15857
32214
20113
11265
19468
23017
6605
16034
16705
29752
22014
29687
23602
15525
18258
1013
31750
19800
11279
15801
9968
18983
11470
4338
19739
23312
10409
24167
22810
31000
18937
5899
30446
6282
17164
17146
29299
23770
412
13237
20754
22426
10156
11588
5183
28414
12602
4165
15446
23881
19967
25414
10096
31437
29753
29835
21981
7394
21235
12023
5626
7404
17922
3304
13687
2319
20450
10218
26089
20862
23455
14075
10520
843
25663
15704
29257
5497
19869
11935
29378
7068
4582
6707
5737
1567
3774
27719
8961
25009
6974
14587
32414
24897
17891
13333
27216
5573
23551
20537
26435
14239
1844
4187
15082
27507
19891
11572
237
6993
23507
29615
14061
28089
3554
19799
29656
7329
14750
5849
32338
21724
20436
31984
13853
5559
12549
8301
11132
3333
28838
4799
17572
30682
8987
32654
25422
28878
11458
25659
3103
2198
22506
17165
30287
26061
4196
27176
622
18946
257
192
7902
20694
32177
21756
26253
11958
30057
4618
15291
26128
9417
95
24042
18404
32750
16696
14515
11440
9587
17618
13638
32094
2015
11158
25387
6211
5566
26009
25157
5823
26201
292
26517
25610
22048
20003
4801
19337
24621
20092
12697
1270
20188
3972
19675
20170
20668
1422
31610
30256
19040
12481
29582
21056
23639
22201
27267
29205
15442
19657
2260
8875
19949
28778
1718
9229
16013
6519
28566
7866
26611
8496
9136
14031
12468
28811
1433
368
30233
276
30624
16506
12757
27438
4794
3628
16871
32061
65
32313
18950
2325
8421
6131
31103
10139
15360
14348
16658
11159
22214
10501
19655
31351
24533
32123
27394
25966
32491
24860
26242
30348
8598
6231
25018
13392
9859
9122
12685
9924
8667
31636
12250
17088
4999
10585
27227
20360
24934
11117
31519
14380
21619
18406
12963
13384
17761
7590
6582
17484
32450
57
15064
8280
6288
7315
21672
16148
16437
1589
26072
25104
457
5554
9425
5457
16140
3884
25817
8306
15002
24568
22686
3853
10206
2882
17237
27967
10472
23819
12683
10154
23876
27748
18434
30165
2295
7338
13545
18732
8927
6849
11068
9385
12404
20493
14842
28544
24378
7891
4082
6612
32459
26768
10465
9897
29650
27702
5096
7354
18753
17779
17508
9862
12759
3174
7259
15054
10512
20804
1018
19440
27653
12087
28825
7289
32580
10899
3065
24190
18790
7147
30802
18481
1148
8499
28378
30798
3433
706
5385
22187
18485
22893
32049
31245
26068
6540
13531
3812
27344
14550
23252
22229
26637
19309
29519
26449
30208
32584
17872
16230
6964
15906
1943
8112
24406
30321
6142
27839
31027
11527
17258
16745
1653
16539
15222
27721
23079
28753
31533
17655
10535
22018
7117
4404
8559
3868
30854
6000
3684
15958
22230
10648
31864
24174
18760
23502
21727
24903
18574
19987
3662
3064
3964
5315
19604
19186
268
9915
15171
31802
27571
25707
21052
1920
30111
29611
5788
28197
2843
9472
11387
25074
20121
10484
16480
6113
1218
5439
31016
19792
25426
1911
22857
29390
7226
9693
15808
7495
19608
30980
6529
14411
23919
27581
16331
21262
24424
22119
16692
27268
31592
28079
19574
18945
